return {
	--INTEGER TYPES--
	MIN_UINT = 0,
	MAX_UINT1 = 1,
	MAX_UINT8 = 255,
	MAX_UINT16 = 65535,
	MAX_UINT24 = 16777215,
	MAX_UINT32 = 4294967296,
	MAX_UINT40 = 1099511627775,
	MAX_UINT48 = 281474976710655,
	MAX_UINT54 = 18014398509481984,

	MIN_INT8 = -128,
	MAX_INT8 = 127,
	MIN_INT16 = -32768,
	MAX_INT16 = 32767,
	MIN_INT24 = -8388608,
	MAX_INT24 = 8388607,
	MIN_INT32 = -2147483648,
	MAX_INT32 = 2147483647,
	MIN_INT40 = -549755813888,
	MAX_INT40 = 549755813887,
	MIN_INT48 = -140737488355328,
	MAX_INT48 = 140737488355327,
	MIN_INT54 = -9007199254740992,
	MAX_INT54 = 9007199254740991,

	--FLOAT TYPES--
	MIN_FLOAT32 = -1.1754943508222875e-38, -- (2 ^ (-126))
	MAX_FLOAT32 = 3.4028234663852886e+38, -- (2 - 2 ^ -23) * 2 ^ 127
	MIN_FLOAT64 = -2.2250738585072014e-308, -- (2 ^ (-1022))
	MAX_FLOAT64 = 1.7976931348623157e+308, -- (2 - 2 ^ (-52)) * 2 ^ 1023

	--STRING TYPES--
	MIN_STRING = 1,
	MAX_STRING8 = 8,
	MAX_STRING16 = 16,
	MAX_STRING32 = 32,
	MAX_STRING64 = 64,
	
	--VERSION--
	VERSION = "1.2",
}
